A:
1.00 0.72 0.71 0.57 0.93 0.74 0.41 0.62 0.40 0.96 
1.00 0.66 0.44 0.49 0.50 0.00 0.47 0.42 0.43 0.44 
1.00 0.74 0.69 0.36 0.09 0.32 0.63 0.32 0.40 0.79 
1.00 0.78 0.28 0.74 0.72 0.70 0.98 0.30 0.83 0.43 
1.00 0.35 0.09 0.81 0.24 0.24 0.30 0.74 0.49 0.65 
1.00 0.60 0.98 0.89 0.03 0.79 0.85 0.66 0.47 0.28 
1.00 0.78 0.50 0.08 0.10 0.86 0.79 0.80 0.64 0.20 
1.00 0.69 0.48 0.65 0.71 0.29 0.98 0.72 0.77 0.11 
1.00 0.58 0.79 0.39 0.64 0.78 0.57 0.77 0.97 0.40 
1.00 0.21 0.49 0.02 0.87 0.68 0.60 0.62 0.24 0.45 
1.00 0.11 0.89 0.22 0.58 0.59 0.15 0.95 0.48 0.46 
1.00 0.37 1.00 0.33 0.01 0.69 0.08 0.12 0.15 0.68 
1.00 0.54 0.85 0.71 0.41 0.90 0.67 0.64 0.78 0.37 
1.00 0.73 0.04 0.08 0.59 0.72 0.88 0.80 0.66 0.05 
1.00 0.36 0.87 0.01 0.10 0.09 0.05 0.63 0.39 0.62 
1.00 0.53 0.81 0.13 0.17 0.37 0.73 0.33 0.18 0.98 
1.00 0.19 0.18 0.17 0.46 0.69 0.13 0.37 0.44 0.06 
1.00 0.50 0.59 0.90 0.42 0.88 0.21 0.07 0.45 0.27 
1.00 0.76 0.16 0.55 0.42 0.88 0.05 0.42 0.63 0.35 
1.00 0.74 0.76 0.36 0.73 0.43 0.64 0.50 0.65 0.61 
1.00 0.54 0.84 0.73 0.02 0.44 0.70 0.36 0.01 0.50 
1.00 0.84 0.31 0.60 0.00 0.83 0.64 0.60 0.29 0.16 
1.00 0.66 0.19 0.06 0.57 0.86 0.61 0.82 0.36 0.60 
1.00 0.88 0.35 0.27 0.08 0.33 1.00 0.52 0.74 0.05 
1.00 0.63 0.72 0.77 0.01 0.30 0.04 0.98 0.01 0.36 
1.00 0.45 0.17 0.94 0.55 0.47 0.85 0.29 0.88 0.71 
1.00 0.33 0.66 0.59 0.17 0.24 0.18 0.38 0.61 0.02 
1.00 0.14 0.80 0.62 0.81 0.59 0.22 0.07 0.68 0.71 
1.00 0.83 0.18 0.96 0.39 0.11 0.88 0.73 0.73 0.94 
1.00 0.13 0.25 0.13 0.91 0.29 0.70 0.50 0.52 0.16 
1.00 0.44 0.03 0.33 0.57 0.15 0.18 0.90 0.28 0.79 
1.00 0.75 0.02 0.26 0.02 0.88 0.71 0.54 0.58 0.23 
1.00 0.65 0.40 0.41 0.25 0.80 0.39 0.65 0.41 0.68 
1.00 0.33 0.39 0.50 0.39 0.30 0.38 0.45 0.77 0.10 
1.00 0.52 0.27 0.52 0.43 0.44 0.36 0.05 0.02 0.95 
1.00 0.81 0.03 0.12 0.11 0.99 0.22 0.94 0.72 0.23 
1.00 0.46 0.02 0.79 0.74 0.19 0.11 0.68 0.54 0.98 

b:
280.02 
209.01 
219.53 
311.20 
203.16 
291.63 
306.43 
323.05 
323.32 
220.32 
218.49 
125.50 
295.81 
313.76 
158.65 
208.19 
150.45 
176.62 
224.21 
282.91 
188.80 
253.49 
276.17 
290.66 
186.69 
270.60 
167.03 
183.45 
312.50 
218.57 
197.83 
270.72 
244.63 
208.96 
136.95 
278.18 
210.95 

A_T*A:
37.00 20.33 17.23 17.06 14.74 19.85 18.34 20.26 18.60 17.33 
20.33 12.92 8.92 9.64 7.39 11.41 11.22 11.55 10.56 9.42 
17.23 8.92 11.54 8.10 6.31 9.29 8.26 8.89 8.06 8.39 
17.06 9.64 8.10 10.85 6.74 8.72 8.62 8.76 8.90 8.56 
14.74 7.39 6.31 6.74 8.95 7.74 7.51 8.04 8.20 7.48 
19.85 11.41 9.29 8.72 7.74 13.50 10.05 10.93 10.32 8.47 
18.34 11.22 8.26 8.62 7.51 10.05 12.45 10.13 10.18 8.04 
20.26 11.55 8.89 8.76 8.04 10.93 10.13 13.40 10.45 9.08 
18.60 10.56 8.06 8.90 8.20 10.32 10.18 10.45 11.51 7.85 
17.33 9.42 8.39 8.56 7.48 8.47 8.04 9.08 7.85 11.32 

(A_T*A)_-1:
0.90 -0.27 -0.25 -0.14 -0.16 -0.20 -0.02 -0.30 -0.19 -0.22 
-0.27 1.17 0.19 -0.10 0.38 -0.21 -0.38 -0.19 -0.11 -0.21 
-0.25 0.19 0.34 -0.03 0.10 -0.05 -0.06 0.03 0.04 -0.05 
-0.14 -0.10 -0.03 0.41 0.03 0.07 0.03 0.11 -0.13 -0.08 
-0.16 0.38 0.10 0.03 0.54 -0.05 -0.11 -0.03 -0.25 -0.21 
-0.20 -0.21 -0.05 0.07 -0.05 0.43 0.07 0.05 -0.03 0.12 
-0.02 -0.38 -0.06 0.03 -0.11 0.07 0.47 0.07 -0.11 0.08 
-0.30 -0.19 0.03 0.11 -0.03 0.05 0.07 0.52 -0.05 0.05 
-0.19 -0.11 0.04 -0.13 -0.25 -0.03 -0.11 -0.05 0.76 0.23 
-0.22 -0.21 -0.05 -0.08 -0.21 0.12 0.08 0.05 0.23 0.48 

(A_T*A)_-1*A_T:
-0.33 0.15 0.04 -0.10 0.12 -0.16 -0.05 -0.08 -0.28 0.10 -0.07 0.15 -0.24 0.05 0.15 0.07 0.36 0.08 0.01 -0.16 0.11 0.06 -0.05 0.13 0.00 -0.01 0.25 0.02 -0.17 0.28 0.11 0.14 -0.06 0.21 0.23 -0.03 -0.02 
0.32 0.32 0.14 0.13 -0.33 -0.20 0.01 0.15 0.03 -0.22 -0.29 -0.04 -0.13 0.08 0.02 -0.09 -0.19 0.10 0.32 0.34 -0.09 0.10 0.01 0.18 0.18 -0.33 -0.02 -0.16 0.01 -0.25 -0.03 -0.09 -0.02 -0.12 0.06 0.11 -0.01 
0.14 0.05 0.06 -0.02 -0.17 0.11 0.03 0.08 0.16 -0.01 0.12 0.09 0.12 -0.08 0.12 0.05 -0.13 0.01 -0.05 0.17 0.05 -0.06 -0.07 0.01 0.09 -0.14 0.05 0.07 -0.07 -0.07 -0.12 -0.17 -0.04 -0.02 -0.12 -0.10 -0.12 
0.03 -0.04 -0.12 0.06 0.15 0.20 -0.13 0.08 -0.04 -0.07 -0.01 -0.08 0.11 -0.09 -0.22 -0.17 -0.05 0.16 0.01 -0.10 0.13 0.10 -0.10 -0.12 0.19 0.13 0.03 0.01 0.12 -0.07 -0.02 -0.06 -0.01 0.00 -0.01 -0.10 0.10 
0.30 0.15 -0.11 0.12 -0.19 -0.12 -0.12 0.19 0.04 0.16 -0.00 -0.13 -0.04 0.10 -0.14 -0.14 -0.00 0.10 0.09 0.20 -0.05 -0.03 0.07 -0.08 0.05 -0.15 -0.06 0.05 -0.09 0.14 0.04 -0.19 -0.08 -0.06 0.05 -0.12 0.06 
0.08 -0.26 -0.10 0.04 -0.01 0.13 0.07 -0.15 0.06 0.09 0.07 0.07 0.15 0.01 -0.19 -0.02 0.05 0.12 0.07 -0.11 0.00 0.08 0.13 -0.17 -0.10 0.06 -0.15 0.06 -0.11 -0.08 -0.10 0.12 0.12 -0.11 0.01 0.12 -0.06 
-0.10 -0.10 0.02 0.08 0.04 0.18 0.07 0.08 -0.05 0.15 -0.01 -0.08 0.06 0.08 -0.14 0.17 -0.06 -0.13 -0.28 -0.08 0.17 0.03 0.06 0.07 -0.15 0.17 -0.13 -0.06 0.10 0.15 -0.05 0.08 -0.02 -0.05 0.01 -0.17 -0.12 
0.05 -0.12 -0.13 -0.13 0.15 0.15 0.07 0.06 0.10 0.06 0.25 -0.16 0.10 0.04 0.01 -0.08 -0.10 -0.19 -0.13 -0.07 -0.01 0.01 0.10 -0.10 0.24 -0.06 -0.08 -0.16 0.11 -0.02 0.15 -0.05 0.05 -0.06 -0.22 0.09 0.08 
-0.12 -0.08 0.08 0.04 0.06 -0.07 0.09 -0.06 0.27 -0.25 0.05 0.00 0.13 -0.07 0.18 -0.02 -0.05 -0.09 0.06 0.05 -0.30 -0.22 -0.13 0.10 -0.30 0.21 0.10 0.18 0.14 -0.12 -0.10 0.05 0.01 0.16 -0.23 0.18 0.06 
0.06 -0.15 0.12 -0.02 0.11 -0.02 0.02 -0.20 0.06 -0.04 0.04 0.08 0.04 -0.12 0.08 0.22 -0.13 -0.15 -0.07 -0.02 -0.06 -0.13 0.08 -0.11 -0.18 0.18 -0.19 0.08 0.19 -0.14 0.07 0.04 0.12 -0.11 0.07 0.04 0.13 

x:
12.44 
75.17 
17.07 
9.85 
31.95 
39.18 
85.02 
88.04 
79.71 
12.31 

